{
  "asset": {
    "version": "2.0",
    "generator": "THREE.GLTFExporter"
  },
  "scenes": [
    {
      "nodes": [
        11,
        23,
        35,
        47,
        59,
        71,
        83,
        95,
        107,
        119,
        131,
        143,
        155,
        167,
        179,
        191,
        203,
        215,
        227,
        239,
        251,
        263,
        275,
        287,
        299,
        311,
        323,
        335,
        347,
        359,
        371,
        383,
        395,
        407,
        419,
        431,
        443,
        455,
        467,
        479,
        491,
        503,
        515,
        527,
        539,
        551,
        563,
        575,
        587,
        599,
        611,
        623,
        635,
        647,
        659,
        671,
        683,
        695,
        707,
        719,
        731,
        743,
        755,
        767,
        779,
        791,
        803,
        815,
        827,
        839,
        851,
        863,
        875,
        887,
        899,
        911,
        923,
        935,
        947,
        959,
        971,
        983,
        995,
        1007,
        1019,
        1031,
        1043,
        1055,
        1067,
        1079,
        1091,
        1103,
        1115,
        1127,
        1139,
        1151,
        1163,
        1175,
        1187,
        1199,
        1211,
        1223,
        1235,
        1247,
        1259,
        1271,
        1283,
        1295,
        1307,
        1319,
        1331,
        1343,
        1355,
        1367,
        1379,
        1391,
        1403,
        1415,
        1427,
        1439,
        1451,
        1463,
        1475,
        1487,
        1499,
        1511,
        1523,
        1535,
        1547,
        1559,
        1571,
        1583,
        1595,
        1607,
        1619,
        1631,
        1643,
        1655,
        1667,
        1679,
        1691,
        1703,
        1715,
        1727,
        1739,
        1751,
        1763,
        1775,
        1787,
        1799,
        1811,
        1823,
        1835,
        1847,
        1859,
        1871,
        1883,
        1895,
        1907,
        1919,
        1931,
        1943,
        1955,
        1967,
        1979,
        1991,
        2003,
        2015,
        2027,
        2039,
        2051,
        2063,
        2075,
        2087,
        2099,
        2111,
        2123,
        2135,
        2147,
        2159,
        2171,
        2183,
        2195,
        2207,
        2219,
        2231,
        2243,
        2255,
        2267,
        2279,
        2291,
        2303,
        2315,
        2327,
        2339,
        2351,
        2363,
        2375,
        2387,
        2399,
        2411,
        2423,
        2435,
        2447,
        2459,
        2471,
        2483,
        2495,
        2507,
        2519,
        2531,
        2543,
        2555,
        2567,
        2579,
        2591
      ]
    }
  ],
  "scene": 0,
  "nodes": [
    {
      "name": "Axis",
      "mesh": 0
    },
    {
      "name": "Body",
      "mesh": 1
    },
    {
      "name": "IfcMaterialLayer"
    },
    {
      "name": "IfcMaterialLayerSet",
      "children": [
        2
      ]
    },
    {
      "name": "IfcMaterialLayerSetUsage",
      "children": [
        3
      ]
    },
    {
      "name": "IfcPropertySet"
    },
    {
      "name": "IfcPropertySet"
    },
    {
      "name": "IfcElementQuantity"
    },
    {
      "name": "IfcPropertySet"
    },
    {
      "name": "IfcPropertySet"
    },
    {
      "name": "IfcPropertySet"
    },
    {
      "matrix": [
        0.629320391049831,
        5.551115123125783e-17,
        0.7771459614569762,
        0,
        0.7771459614569762,
        -2.220446049250313e-16,
        -0.6293203910498311,
        0,
        5.551115123125783e-17,
        1,
        -2.220446049250313e-16,
        0,
        45.7411443487802,
        -3,
        -6.12807796383315,
        1
      ],
      "name": "IfcWallStandardCase",
      "children": [
        0,
        1,
        4,
        5,
        6,
        7,
        8,
        9,
        10
      ]
    },
    {
      "name": "Axis",
      "mesh": 2
    },
    {
      "name": "Body",
      "mesh": 3
    },
    {
      "name": "IfcMaterialLayer"
    },
    {
      "name": "IfcMaterialLayerSet",
      "children": [
        14
      ]
    },
    {
      "name": "IfcMaterialLayerSetUsage",
      "children": [
        15
      ]
    },
    {
      "name": "IfcPropertySet"
    },
    {
      "name": "IfcPropertySet"
    },
    {
      "name": "IfcElementQuantity"
    },
    {
      "name": "IfcPropertySet"
    },
    {
      "name": "IfcPropertySet"
    },
    {
      "name": "IfcPropertySet"
    },
    {
      "matrix": [
        -0.7771459614569753,
        5.551115123125783e-17,
        0.6293203910498322,
        0,
        0.6293203910498322,
        0,
        0.7771459614569752,
        0,
        -5.551115123125783e-17,
        1,
        -2.220446049250313e-16,
        0,
        60.9277622848639,
        -3,
        12.7847349157277,
        1
      ],
      "name": "IfcWallStandardCase",
      "children": [
        12,
        13,
        16,
        17,
        18,
        19,
        20,
        21,
        22
      ]
    },
    {
      "name": "Axis",
      "mesh": 4
    },
    {
      "name": "Body",
      "mesh": 5
    },
    {
      "name": "IfcMaterialLayer"
    },
    {
      "name": "IfcMaterialLayerSet",
      "children": [
        26
      ]
    },
    {
      "name": "IfcMaterialLayerSetUsage",
      "children": [
        27
      ]
    },
    {
      "name": "IfcPropertySet"
    },
    {
      "name": "IfcPropertySet"
    },
    {
      "name": "IfcElementQuantity"
    },
    {
      "name": "IfcPropertySet"
    },
    {
      "name": "IfcPropertySet"
    },
    {
      "name": "IfcPropertySet"
    },
    {
      "matrix": [
        -0.7771459614569749,
        -5.551115123125783e-17,
        0.6293203910498326,
        0,
        0.6293203910498326,
        -2.220446049250313e-16,
        0.7771459614569747,
        0,
        5.551115123125783e-17,
        1,
        1.1102230246251565e-16,
        0,
        45.7263617917395,
        -3,
        -5.98743132858248,
        1
      ],
      "name": "IfcWallStandardCase",
      "children": [
        24,
        25,
        28,
        29,
        30,
        31,
        32,
        33,
        34
      ]
    },
    {
      "name": "Axis",
      "mesh": 6
    },
    {
      "name": "Body",
      "mesh": 7
    },
    {
      "name": "IfcMaterialLayer"
    },
    {
      "name": "IfcMaterialLayerSet",
      "children": [
        38
      ]
    },
    {
      "name": "IfcMaterialLayerSetUsage",
      "children": [
        39
      ]
    },
    {
      "name": "IfcPropertySet"
    },
    {
      "name": "IfcPropertySet"
    },
    {
      "name": "IfcElementQuantity"
    },
    {
      "name": "IfcPropertySet"
    },
    {
      "name": "IfcPropertySet"
    },
    {
      "name": "IfcPropertySet"
    },
    {
      "matrix": [
        0.8386705679454202,
        0,
        0.5446390350150331,
        0,
        0.5446390350150331,
        0,
        -0.83867056794542,
        0,
        0,
        1,
        0,
        0,
        22.695498590772,
        -3,
        12.751506861495,
        1
      ],
      "name": "IfcWallStandardCase",
      "children": [
        36,
        37,
        40,
        41,
        42,
        43,
        44,
        45,
        46
      ]
    },
    {
      "name": "Axis",
      "mesh": 8
    },
    {
      "name": "Body",
      "mesh": 9
    },
    {
      "name": "IfcMaterialLayer"
    },
    {
      "name": "IfcMaterialLayerSet",
      "children": [
        50
      ]
    },
    {
      "name": "IfcMaterialLayerSetUsage",
      "children": [
        51
      ]
    },
    {
      "name": "IfcPropertySet"
    },
    {
      "name": "IfcPropertySet"
    },
    {
      "name": "IfcElementQuantity"
    },
    {
      "name": "IfcPropertySet"
    },
    {
      "name": "IfcPropertySet"
    },
    {
      "name": "IfcPropertySet"
    },
    {
      "matrix": [
        0.8386705679454209,
        -5.551115123125783e-17,
        0.5446390350150319,
        0,
        0.5446390350150319,
        2.220446049250313e-16,
        -0.8386705679454209,
        0,
        -5.551115123125783e-17,
        1,
        2.220446049250313e-16,
        0,
        2.38638842931373,
        0,
        -1.27173955645209,
        1
      ],
      "name": "IfcWallStandardCase",
      "children": [
        48,
        49,
        52,
        53,
        54,
        55,
        56,
        57,
        58
      ]
    },
    {
      "name": "Axis",
      "mesh": 10
    },
    {
      "name": "Body",
      "mesh": 11
    },
    {
      "name": "IfcMaterialLayer"
    },
    {
      "name": "IfcMaterialLayerSet",
      "children": [
        62
      ]
    },
    {
      "name": "IfcMaterialLayerSetUsage",
      "children": [
        63
      ]
    },
    {
      "name": "IfcPropertySet"
    },
    {
      "name": "IfcPropertySet"
    },
    {
      "name": "IfcElementQuantity"
    },
    {
      "name": "IfcPropertySet"
    },
    {
      "name": "IfcPropertySet"
    },
    {
      "name": "IfcPropertySet"
    },
    {
      "matrix": [
        0.7771459614569738,
        5.551115123125783e-17,
        -0.6293203910498337,
        0,
        -0.6293203910498337,
        2.220446049250313e-16,
        -0.7771459614569737,
        0,
        5.551115123125783e-17,
        0.9999999999999999,
        2.220446049250313e-16,
        0,
        15.8006474921272,
        0,
        7.35719185886953,
        1
      ],
      "name": "IfcWallStandardCase",
      "children": [
        60,
        61,
        64,
        65,
        66,
        67,
        68,
        69,
        70
      ]
    },
    {
      "name": "Axis",
      "mesh": 12
    },
    {
      "name": "Body",
      "mesh": 13
    },
    {
      "name": "IfcMaterialLayer"
    },
    {
      "name": "IfcMaterialLayerSet",
      "children": [
        74
      ]
    },
    {
      "name": "IfcMaterialLayerSetUsage",
      "children": [
        75
      ]
    },
    {
      "name": "IfcPropertySet"
    },
    {
      "name": "IfcPropertySet"
    },
    {
      "name": "IfcElementQuantity"
    },
    {
      "name": "IfcPropertySet"
    },
    {
      "name": "IfcPropertySet"
    },
    {
      "name": "IfcPropertySet"
    },
    {
      "matrix": [
        -0.8226178709152911,
        -5.551115123125783e-17,
        -0.5685946169731062,
        0,
        -0.5685946169731062,
        1.1102230246251565e-16,
        0.8226178709152911,
        0,
        5.551115123125783e-17,
        1,
        0,
        0,
        35.0732902538065,
        0,
        -8.34194458072589,
        1
      ],
      "name": "IfcWallStandardCase",
      "children": [
        72,
        73,
        76,
        77,
        78,
        79,
        80,
        81,
        82
      ]
    },
    {
      "name": "Axis",
      "mesh": 14
    },
    {
      "name": "Body",
      "mesh": 15
    },
    {
      "name": "IfcMaterialLayer"
    },
    {
      "name": "IfcMaterialLayerSet",
      "children": [
        86
      ]
    },
    {
      "name": "IfcMaterialLayerSetUsage",
      "children": [
        87
      ]
    },
    {
      "name": "IfcPropertySet"
    },
    {
      "name": "IfcPropertySet"
    },
    {
      "name": "IfcElementQuantity"
    },
    {
      "name": "IfcPropertySet"
    },
    {
      "name": "IfcPropertySet"
    },
    {
      "name": "IfcPropertySet"
    },
    {
      "matrix": [
        -0.5685946169731042,
        0,
        0.8226178709152924,
        0,
        0.8226178709152924,
        1.1102230246251565e-16,
        0.5685946169731043,
        0,
        0,
        0.9999999999999999,
        1.1102230246251565e-16,
        0,
        16.2888228275979,
        0,
        -21.2042314764338,
        1
      ],
      "name": "IfcWallStandardCase",
      "children": [
        84,
        85,
        88,
        89,
        90,
        91,
        92,
        93,
        94
      ]
    },
    {
      "name": "Axis",
      "mesh": 16
    },
    {
      "name": "Body",
      "mesh": 17
    },
    {
      "name": "IfcMaterialLayer"
    },
    {
      "name": "IfcMaterialLayerSet",
      "children": [
        98
      ]
    },
    {
      "name": "IfcMaterialLayerSetUsage",
      "children": [
        99
      ]
    },
    {
      "name": "IfcPropertySet"
    },
    {
      "name": "IfcPropertySet"
    },
    {
      "name": "IfcElementQuantity"
    },
    {
      "name": "IfcPropertySet"
    },
    {
      "name": "IfcPropertySet"
    },
    {
      "name": "IfcPropertySet"
    },
    {
      "matrix": [
        -0.8226178709152911,
        -5.551115123125783e-17,
        -0.5685946169731062,
        0,
        -0.5685946169731062,
        1.1102230246251565e-16,
        0.8226178709152911,
        0,
        5.551115123125783e-17,
        1,
        0,
        0,
        27.3793467995981,
        0,
        -2.11151201920271,
        1
      ],
      "name": "IfcWallStandardCase",
      "children": [
        96,
        97,
        100,
        101,
        102,
        103,
        104,
        105,
        106
      ]
    },
    {
      "name": "Axis",
      "mesh": 18
    },
    {
      "name": "Body",
      "mesh": 19
    },
    {
      "name": "IfcMaterialLayer"
    },
    {
      "name": "IfcMaterialLayerSet",
      "children": [
        110
      ]
    },
    {
      "name": "IfcMaterialLayerSetUsage",
      "children": [
        111
      ]
    },
    {
      "name": "IfcPropertySet"
    },
    {
      "name": "IfcPropertySet"
    },
    {
      "name": "IfcElementQuantity"
    },
    {
      "name": "IfcPropertySet"
    },
    {
      "name": "IfcPropertySet"
    },
    {
      "name": "IfcPropertySet"
    },
    {
      "matrix": [
        0.7771459614569752,
        -5.551115123125783e-17,
        -0.6293203910498322,
        0,
        -0.6293203910498322,
        -2.220446049250313e-16,
        -0.7771459614569753,
        0,
        -5.551115123125783e-17,
        1,
        -2.220446049250313e-16,
        0,
        22.5276006422205,
        0,
        12.7985550402025,
        1
      ],
      "name": "IfcWallStandardCase",
      "children": [
        108,
        109,
        112,
        113,
        114,
        115,
        116,
        117,
        118
      ]
    },
    {
      "name": "Axis",
      "mesh": 20
    },
    {
      "name": "Body",
      "mesh": 21
    },
    {
      "name": "IfcMaterialLayer"
    },
    {
      "name": "IfcMaterialLayerSet",
      "children": [
        122
      ]
    },
    {
      "name": "IfcMaterialLayerSetUsage",
      "children": [
        123
      ]
    },
    {
      "name": "IfcPropertySet"
    },
    {
      "name": "IfcPropertySet"
    },
    {
      "name": "IfcElementQuantity"
    },
    {
      "name": "IfcPropertySet"
    },
    {
      "name": "IfcPropertySet"
    },
    {
      "name": "IfcPropertySet"
    },
    {
      "matrix": [
        0.629320391049831,
        5.551115123125783e-17,
        0.7771459614569762,
        0,
        0.7771459614569762,
        -2.220446049250313e-16,
        -0.6293203910498311,
        0,
        5.551115123125783e-17,
        1,
        -2.220446049250313e-16,
        0,
        45.8670084269902,
        0,
        -5.97264877154172,
        1
      ],
      "name": "IfcWallStandardCase",
      "children": [
        120,
        121,
        124,
        125,
        126,
        127,
        128,
        129,
        130
      ]
    },
    {
      "name": "Axis",
      "mesh": 22
    },
    {
      "name": "Body",
      "mesh": 23
    },
    {
      "name": "IfcMaterialLayer"
    },
    {
      "name": "IfcMaterialLayerSet",
      "children": [
        134
      ]
    },
    {
      "name": "IfcMaterialLayerSetUsage",
      "children": [
        135
      ]
    },
    {
      "name": "IfcPropertySet"
    },
    {
      "name": "IfcPropertySet"
    },
    {
      "name": "IfcElementQuantity"
    },
    {
      "name": "IfcPropertySet"
    },
    {
      "name": "IfcPropertySet"
    },
    {
      "name": "IfcPropertySet"
    },
    {
      "matrix": [
        -0.7771459614569753,
        5.551115123125783e-17,
        0.6293203910498322,
        0,
        0.6293203910498322,
        0,
        0.7771459614569752,
        0,
        -5.551115123125783e-17,
        1,
        -2.220446049250313e-16,
        0,
        60.9277622848639,
        0,
        12.7847349157277,
        1
      ],
      "name": "IfcWallStandardCase",
      "children": [
        132,
        133,
        136,
        137,
        138,
        139,
        140,
        141,
        142
      ]
    },
    {
      "name": "Axis",
      "mesh": 24
    },
    {
      "name": "Body",
      "mesh": 25
    },
    {
      "name": "IfcMaterialLayer"
    },
    {
      "name": "IfcMaterialLayerSet",
      "children": [
        146
      ]
    },
    {
      "name": "IfcMaterialLayerSetUsage",
      "children": [
        147
      ]
    },
    {
      "name": "IfcPropertySet"
    },
    {
      "name": "IfcPropertySet"
    },
    {
      "name": "IfcElementQuantity"
    },
    {
      "name": "IfcPropertySet"
    },
    {
      "name": "IfcPropertySet"
    },
    {
      "name": "IfcPropertySet"
    },
    {
      "matrix": [
        -0.8386705679454214,
        -5.551115123125783e-17,
        -0.5446390350150312,
        0,
        -0.5446390350150312,
        1.1102230246251565e-16,
        0.8386705679454214,
        0,
        5.551115123125783e-17,
        1,
        -2.220446049250313e-16,
        0,
        43.8744796707116,
        0,
        26.5052979909943,
        1
      ],
      "name": "IfcWallStandardCase",
      "children": [
        144,
        145,
        148,
        149,
        150,
        151,
        152,
        153,
        154
      ]
    },
    {
      "name": "Axis",
      "mesh": 26
    },
    {
      "name": "Body",
      "mesh": 27
    },
    {
      "name": "IfcMaterialLayer"
    },
    {
      "name": "IfcMaterialLayerSet",
      "children": [
        158
      ]
    },
    {
      "name": "IfcMaterialLayerSetUsage",
      "children": [
        159
      ]
    },
    {
      "name": "IfcPropertySet"
    },
    {
      "name": "IfcPropertySet"
    },
    {
      "name": "IfcElementQuantity"
    },
    {
      "name": "IfcPropertySet"
    },
    {
      "name": "IfcPropertySet"
    },
    {
      "name": "IfcPropertySet"
    },
    {
      "matrix": [
        0.6293203910498337,
        0,
        0.7771459614569738,
        0,
        0.7771459614569738,
        0,
        -0.6293203910498337,
        0,
        0,
        1,
        0,
        0,
        70.5082147858621,
        0,
        24.456706894623,
        1
      ],
      "name": "IfcWallStandardCase",
      "children": [
        156,
        157,
        160,
        161,
        162,
        163,
        164,
        165,
        166
      ]
    },
    {
      "name": "Axis",
      "mesh": 28
    },
    {
      "name": "Body",
      "mesh": 29
    },
    {
      "name": "IfcMaterialLayer"
    },
    {
      "name": "IfcMaterialLayerSet",
      "children": [
        170
      ]
    },
    {
      "name": "IfcMaterialLayerSetUsage",
      "children": [
        171
      ]
    },
    {
      "name": "IfcPropertySet"
    },
    {
      "name": "IfcPropertySet"
    },
    {
      "name": "IfcElementQuantity"
    },
    {
      "name": "IfcPropertySet"
    },
    {
      "name": "IfcPropertySet"
    },
    {
      "name": "IfcPropertySet"
    },
    {
      "matrix": [
        -0.7071067811865479,
        5.551115123125783e-17,
        0.707106781186547,
        0,
        0.707106781186547,
        1.1102230246251565e-16,
        0.7071067811865479,
        0,
        -5.551115123125783e-17,
        1,
        0,
        0,
        85.8973169328904,
        0,
        43.6029572132957,
        1
      ],
      "name": "IfcWallStandardCase",
      "children": [
        168,
        169,
        172,
        173,
        174,
        175,
        176,
        177,
        178
      ]
    },
    {
      "name": "Axis",
      "mesh": 30
    },
    {
      "name": "Body",
      "mesh": 31
    },
    {
      "name": "IfcMaterialLayer"
    },
    {
      "name": "IfcMaterialLayerSet",
      "children": [
        182
      ]
    },
    {
      "name": "IfcMaterialLayerSetUsage",
      "children": [
        183
      ]
    },
    {
      "name": "IfcPropertySet"
    },
    {
      "name": "IfcPropertySet"
    },
    {
      "name": "IfcElementQuantity"
    },
    {
      "name": "IfcPropertySet"
    },
    {
      "name": "IfcPropertySet"
    },
    {
      "name": "IfcPropertySet"
    },
    {
      "matrix": [
        -0.8386705679454209,
        5.551115123125783e-17,
        -0.5446390350150319,
        0,
        -0.5446390350150319,
        -2.220446049250313e-16,
        0.8386705679454209,
        0,
        -5.551115123125783e-17,
        1,
        2.220446049250313e-16,
        0,
        79.6500384379311,
        0,
        49.7382175053108,
        1
      ],
      "name": "IfcWallStandardCase",
      "children": [
        180,
        181,
        184,
        185,
        186,
        187,
        188,
        189,
        190
      ]
    },
    {
      "name": "Axis",
      "mesh": 32
    },
    {
      "name": "Body",
      "mesh": 33
    },
    {
      "name": "IfcMaterialLayer"
    },
    {
      "name": "IfcMaterialLayerSet",
      "children": [
        194
      ]
    },
    {
      "name": "IfcMaterialLayerSetUsage",
      "children": [
        195
      ]
    },
    {
      "name": "IfcPropertySet"
    },
    {
      "name": "IfcPropertySet"
    },
    {
      "name": "IfcElementQuantity"
    },
    {
      "name": "IfcPropertySet"
    },
    {
      "name": "IfcPropertySet"
    },
    {
      "name": "IfcPropertySet"
    },
    {
      "matrix": [
        0.7771459614569738,
        5.551115123125783e-17,
        -0.6293203910498337,
        0,
        -0.6293203910498337,
        2.220446049250313e-16,
        -0.7771459614569737,
        0,
        5.551115123125783e-17,
        0.9999999999999999,
        2.220446049250313e-16,
        0,
        57.395698009099,
        0,
        35.2036895720366,
        1
      ],
      "name": "IfcWallStandardCase",
      "children": [
        192,
        193,
        196,
        197,
        198,
        199,
        200,
        201,
        202
      ]
    },
    {
      "name": "Axis",
      "mesh": 34
    },
    {
      "name": "Body",
      "mesh": 35
    },
    {
      "name": "IfcMaterialLayer"
    },
    {
      "name": "IfcMaterialLayerSet",
      "children": [
        206
      ]
    },
    {
      "name": "IfcMaterialLayerSetUsage",
      "children": [
        207
      ]
    },
    {
      "name": "IfcPropertySet"
    },
    {
      "name": "IfcPropertySet"
    },
    {
      "name": "IfcElementQuantity"
    },
    {
      "name": "IfcPropertySet"
    },
    {
      "name": "IfcPropertySet"
    },
    {
      "name": "IfcPropertySet"
    },
    {
      "matrix": [
        0.7771459614569729,
        0,
        -0.629320391049835,
        0,
        -0.629320391049835,
        -2.220446049250313e-16,
        -0.7771459614569731,
        0,
        0,
        1.0000000000000002,
        -2.220446049250313e-16,
        0,
        74.4605499401558,
        0,
        16.2378066858573,
        1
      ],
      "name": "IfcWallStandardCase",
      "children": [
        204,
        205,
        208,
        209,
        210,
        211,
        212,
        213,
        214
      ]
    },
    {
      "name": "Axis",
      "mesh": 36
    },
    {
      "name": "Body",
      "mesh": 37
    },
    {
      "name": "IfcMaterialLayer"
    },
    {
      "name": "IfcMaterialLayerSet",
      "children": [
        218
      ]
    },
    {
      "name": "IfcMaterialLayerSetUsage",
      "children": [
        219
      ]
    },
    {
      "name": "IfcPropertySet"
    },
    {
      "name": "IfcPropertySet"
    },
    {
      "name": "IfcElementQuantity"
    },
    {
      "name": "IfcPropertySet"
    },
    {
      "name": "IfcPropertySet"
    },
    {
      "name": "IfcPropertySet"
    },
    {
      "matrix": [
        0.8386705679454209,
        -5.551115123125783e-17,
        0.5446390350150319,
        0,
        0.5446390350150319,
        2.220446049250313e-16,
        -0.8386705679454209,
        0,
        -5.551115123125783e-17,
        1,
        2.220446049250313e-16,
        0,
        96.769424872648,
        0,
        -1.73865113378331,
        1
      ],
      "name": "IfcWallStandardCase",
      "children": [
        216,
        217,
        220,
        221,
        222,
        223,
        224,
        225,
        226
      ]
    },
    {
      "name": "Axis",
      "mesh": 38
    },
    {
      "name": "Body",
      "mesh": 39
    },
    {
      "name": "IfcMaterialLayer"
    },
    {
      "name": "IfcMaterialLayerSet",
      "children": [
        230
      ]
    },
    {
      "name": "IfcMaterialLayerSetUsage",
      "children": [
        231
      ]
    },
    {
      "name": "IfcPropertySet"
    },
    {
      "name": "IfcPropertySet"
    },
    {
      "name": "IfcElementQuantity"
    },
    {
      "name": "IfcPropertySet"
    },
    {
      "name": "IfcPropertySet"
    },
    {
      "name": "IfcPropertySet"
    },
    {
      "matrix": [
        -0.5685946169731051,
        -1.1102230246251565e-16,
        0.8226178709152919,
        0,
        0.8226178709152919,
        0,
        0.5685946169731051,
        0,
        1.1102230246251565e-16,
        1,
        1.1102230246251565e-16,
        0,
        130.052817514897,
        0,
        19.9916350722211,
        1
      ],
      "name": "IfcWallStandardCase",
      "children": [
        228,
        229,
        232,
        233,
        234,
        235,
        236,
        237,
        238
      ]
    },
    {
      "name": "Axis",
      "mesh": 40
    },
    {
      "name": "Body",
      "mesh": 41
    },
    {
      "name": "IfcMaterialLayer"
    },
    {
      "name": "IfcMaterialLayerSet",
      "children": [
        242
      ]
    },
    {
      "name": "IfcMaterialLayerSetUsage",
      "children": [
        243
      ]
    },
    {
      "name": "IfcPropertySet"
    },
    {
      "name": "IfcPropertySet"
    },
    {
      "name": "IfcElementQuantity"
    },
    {
      "name": "IfcPropertySet"
    },
    {
      "name": "IfcPropertySet"
    },
    {
      "name": "IfcPropertySet"
    },
    {
      "matrix": [
        -0.6293203910498328,
        5.551115123125783e-17,
        -0.7771459614569747,
        0,
        -0.7771459614569747,
        -2.220446049250313e-16,
        0.6293203910498328,
        0,
        -5.551115123125783e-17,
        1,
        0,
        0,
        105.864616731556,
        0,
        54.8596978972885,
        1
      ],
      "name": "IfcWallStandardCase",
      "children": [
        240,
        241,
        244,
        245,
        246,
        247,
        248,
        249,
        250
      ]
    },
    {
      "name": "Axis",
      "mesh": 42
    },
    {
      "name": "Body",
      "mesh": 43
    },
    {
      "name": "IfcMaterialLayer"
    },
    {
      "name": "IfcMaterialLayerSet",
      "children": [
        254
      ]
    },
    {
      "name": "IfcMaterialLayerSetUsage",
      "children": [
        255
      ]
    },
    {
      "name": "IfcPropertySet"
    },
    {
      "name": "IfcPropertySet"
    },
    {
      "name": "IfcElementQuantity"
    },
    {
      "name": "IfcPropertySet"
    },
    {
      "name": "IfcPropertySet"
    },
    {
      "name": "IfcPropertySet"
    },
    {
      "matrix": [
        -0.8226178709152911,
        -5.551115123125783e-17,
        -0.5685946169731062,
        0,
        -0.5685946169731062,
        1.1102230246251565e-16,
        0.8226178709152911,
        0,
        5.551115123125783e-17,
        1,
        0,
        0,
        119.038662980382,
        0,
        35.7505608264177,
        1
      ],
      "name": "IfcWallStandardCase",
      "children": [
        252,
        253,
        256,
        257,
        258,
        259,
        260,
        261,
        262
      ]
    },
    {
      "name": "Axis",
      "mesh": 44
    },
    {
      "name": "Body",
      "mesh": 45
    },
    {
      "name": "IfcMaterialLayer"
    },
    {
      "name": "IfcMaterialLayerSet",
      "children": [
        266
      ]
    },
    {
      "name": "IfcMaterialLayerSetUsage",
      "children": [
        267
      ]
    },
    {
      "name": "IfcPropertySet"
    },
    {
      "name": "IfcPropertySet"
    },
    {
      "name": "IfcElementQuantity"
    },
    {
      "name": "IfcPropertySet"
    },
    {
      "name": "IfcPropertySet"
    },
    {
      "name": "IfcPropertySet"
    },
    {
      "matrix": [
        0.5685946169731038,
        0,
        -0.8226178709152928,
        0,
        -0.8226178709152928,
        0,
        -0.5685946169731038,
        0,
        0,
        1,
        0,
        0,
        102.889950385048,
        0,
        24.466985084956,
        1
      ],
      "name": "IfcWallStandardCase",
      "children": [
        264,
        265,
        268,
        269,
        270,
        271,
        272,
        273,
        274
      ]
    },
    {
      "name": "Axis",
      "mesh": 46
    },
    {
      "name": "Body",
      "mesh": 47
    },
    {
      "name": "IfcMaterialLayer"
    },
    {
      "name": "IfcMaterialLayerSet",
      "children": [
        278
      ]
    },
    {
      "name": "IfcMaterialLayerSetUsage",
      "children": [
        279
      ]
    },
    {
      "name": "IfcPropertySet"
    },
    {
      "name": "IfcPropertySet"
    },
    {
      "name": "IfcElementQuantity"
    },
    {
      "name": "IfcPropertySet"
    },
    {
      "name": "IfcPropertySet"
    },
    {
      "name": "IfcPropertySet"
    },
    {
      "matrix": [
        0,
        0,
        1,
        0,
        1,
        0,
        0,
        0,
        0,
        1,
        0,
        0,
        294.366327474435,
        0,
        -65.9614957571822,
        1
      ],
      "name": "IfcWallStandardCase",
      "children": [
        276,
        277,
        280,
        281,
        282,
        283,
        284,
        285,
        286
      ]
    },
    {
      "name": "Axis",
      "mesh": 48
    },
    {
      "name": "Body",
      "mesh": 49
    },
    {
      "name": "IfcMaterialLayer"
    },
    {
      "name": "IfcMaterialLayerSet",
      "children": [
        290
      ]
    },
    {
      "name": "IfcMaterialLayerSetUsage",
      "children": [
        291
      ]
    },
    {
      "name": "IfcPropertySet"
    },
    {
      "name": "IfcPropertySet"
    },
    {
      "name": "IfcElementQuantity"
    },
    {
      "name": "IfcPropertySet"
    },
    {
      "name": "IfcPropertySet"
    },
    {
      "name": "IfcPropertySet"
    },
    {
      "matrix": [
        0,
        0,
        1,
        0,
        1,
        0,
        0,
        0,
        0,
        1,
        0,
        0,
        304.366327474435,
        0,
        -65.9614957571821,
        1
      ],
      "name": "IfcWallStandardCase",
      "children": [
        288,
        289,
        292,
        293,
        294,
        295,
        296,
        297,
        298
      ]
    },
    {
      "name": "Axis",
      "mesh": 50
    },
    {
      "name": "Body",
      "mesh": 51
    },
    {
      "name": "IfcMaterialLayer"
    },
    {
      "name": "IfcMaterialLayerSet",
      "children": [
        302
      ]
    },
    {
      "name": "IfcMaterialLayerSetUsage",
      "children": [
        303
      ]
    },
    {
      "name": "IfcPropertySet"
    },
    {
      "name": "IfcPropertySet"
    },
    {
      "name": "IfcElementQuantity"
    },
    {
      "name": "IfcPropertySet"
    },
    {
      "name": "IfcPropertySet"
    },
    {
      "name": "IfcPropertySet"
    },
    {
      "matrix": [
        0.5685946169731051,
        1.1102230246251565e-16,
        -0.8226178709152919,
        0,
        -0.8226178709152919,
        1.1102230246251565e-16,
        -0.5685946169731051,
        0,
        1.1102230246251565e-16,
        1,
        1.1102230246251565e-16,
        0,
        16.9237415603382,
        0,
        -9.46000403471526,
        1
      ],
      "name": "IfcWallStandardCase",
      "children": [
        300,
        301,
        304,
        305,
        306,
        307,
        308,
        309,
        310
      ]
    },
    {
      "name": "Axis",
      "mesh": 52
    },
    {
      "name": "Body",
      "mesh": 53
    },
    {
      "name": "IfcMaterialLayer"
    },
    {
      "name": "IfcMaterialLayerSet",
      "children": [
        314
      ]
    },
    {
      "name": "IfcMaterialLayerSetUsage",
      "children": [
        315
      ]
    },
    {
      "name": "IfcPropertySet"
    },
    {
      "name": "IfcPropertySet"
    },
    {
      "name": "IfcElementQuantity"
    },
    {
      "name": "IfcPropertySet"
    },
    {
      "name": "IfcPropertySet"
    },
    {
      "name": "IfcPropertySet"
    },
    {
      "matrix": [
        0.5685946169731079,
        1.1102230246251565e-16,
        -0.82261787091529,
        0,
        -0.82261787091529,
        2.220446049250313e-16,
        -0.568594616973108,
        0,
        1.1102230246251565e-16,
        1,
        2.220446049250313e-16,
        0,
        123.456117925671,
        0,
        48.3523239771115,
        1
      ],
      "name": "IfcWallStandardCase",
      "children": [
        312,
        313,
        316,
        317,
        318,
        319,
        320,
        321,
        322
      ]
    },
    {
      "name": "Axis",
      "mesh": 54
    },
    {
      "name": "Body",
      "mesh": 55
    },
    {
      "name": "IfcMaterialLayer"
    },
    {
      "name": "IfcMaterialLayerSet",
      "children": [
        326
      ]
    },
    {
      "name": "IfcMaterialLayerSetUsage",
      "children": [
        327
      ]
    },
    {
      "name": "IfcPropertySet"
    },
    {
      "name": "IfcPropertySet"
    },
    {
      "name": "IfcElementQuantity"
    },
    {
      "name": "IfcPropertySet"
    },
    {
      "name": "IfcPropertySet"
    },
    {
      "name": "IfcPropertySet"
    },
    {
      "matrix": [
        0.8386705679454165,
        5.551115123125783e-17,
        0.5446390350150387,
        0,
        0.5446390350150387,
        -2.220446049250313e-16,
        -0.8386705679454166,
        0,
        5.551115123125783e-17,
        1.0000000000000002,
        -2.220446049250313e-16,
        0,
        134.430994990056,
        0,
        32.6451520933887,
        1
      ],
      "name": "IfcWallStandardCase",
      "children": [
        324,
        325,
        328,
        329,
        330,
        331,
        332,
        333,
        334
      ]
    },
    {
      "name": "Axis",
      "mesh": 56
    },
    {
      "name": "Body",
      "mesh": 57
    },
    {
      "name": "IfcMaterialLayer"
    },
    {
      "name": "IfcMaterialLayerSet",
      "children": [
        338
      ]
    },
    {
      "name": "IfcMaterialLayerSetUsage",
      "children": [
        339
      ]
    },
    {
      "name": "IfcPropertySet"
    },
    {
      "name": "IfcPropertySet"
    },
    {
      "name": "IfcElementQuantity"
    },
    {
      "name": "IfcPropertySet"
    },
    {
      "name": "IfcPropertySet"
    },
    {
      "name": "IfcPropertySet"
    },
    {
      "matrix": [
        0.42261826174069383,
        0,
        0.9063077870366526,
        0,
        0.9063077870366526,
        0,
        -0.4226182617406939,
        0,
        0,
        1,
        0,
        0,
        156.972473766648,
        0,
        47.3018777600506,
        1
      ],
      "name": "IfcWallStandardCase",
      "children": [
        336,
        337,
        340,
        341,
        342,
        343,
        344,
        345,
        346
      ]
    },
    {
      "name": "Axis",
      "mesh": 58
    },
    {
      "name": "Body",
      "mesh": 59
    },
    {
      "name": "IfcMaterialLayer"
    },
    {
      "name": "IfcMaterialLayerSet",
      "children": [
        350
      ]
    },
    {
      "name": "IfcMaterialLayerSetUsage",
      "children": [
        351
      ]
    },
    {
      "name": "IfcPropertySet"
    },
    {
      "name": "IfcPropertySet"
    },
    {
      "name": "IfcElementQuantity"
    },
    {
      "name": "IfcPropertySet"
    },
    {
      "name": "IfcPropertySet"
    },
    {
      "name": "IfcPropertySet"
    },
    {
      "matrix": [
        -0.7660444431189815,
        0,
        0.6427876096865354,
        0,
        0.6427876096865354,
        0,
        0.7660444431189815,
        0,
        0,
        1,
        0,
        0,
        165.7320111986,
        0,
        66.2621447582225,
        1
      ],
      "name": "IfcWallStandardCase",
      "children": [
        348,
        349,
        352,
        353,
        354,
        355,
        356,
        357,
        358
      ]
    },
    {
      "name": "Axis",
      "mesh": 60
    },
    {
      "name": "Body",
      "mesh": 61
    },
    {
      "name": "IfcMaterialLayer"
    },
    {
      "name": "IfcMaterialLayerSet",
      "children": [
        362
      ]
    },
    {
      "name": "IfcMaterialLayerSetUsage",
      "children": [
        363
      ]
    },
    {
      "name": "IfcPropertySet"
    },
    {
      "name": "IfcPropertySet"
    },
    {
      "name": "IfcElementQuantity"
    },
    {
      "name": "IfcPropertySet"
    },
    {
      "name": "IfcPropertySet"
    },
    {
      "name": "IfcPropertySet"
    },
    {
      "matrix": [
        -0.6427876096865353,
        0,
        -0.7660444431189815,
        0,
        -0.7660444431189815,
        0,
        0.6427876096865353,
        0,
        0,
        1,
        0,
        0,
        149.774964891484,
        0,
        79.5211557002689,
        1
      ],
      "name": "IfcWallStandardCase",
      "children": [
        360,
        361,
        364,
        365,
        366,
        367,
        368,
        369,
        370
      ]
    },
    {
      "name": "Axis",
      "mesh": 62
    },
    {
      "name": "Body",
      "mesh": 63
    },
    {
      "name": "IfcMaterialLayer"
    },
    {
      "name": "IfcMaterialLayerSet",
      "children": [
        374
      ]
    },
    {
      "name": "IfcMaterialLayerSetUsage",
      "children": [
        375
      ]
    },
    {
      "name": "IfcPropertySet"
    },
    {
      "name": "IfcPropertySet"
    },
    {
      "name": "IfcElementQuantity"
    },
    {
      "name": "IfcPropertySet"
    },
    {
      "name": "IfcPropertySet"
    },
    {
      "name": "IfcPropertySet"
    },
    {
      "matrix": [
        -0.7986355100472917,
        0,
        -0.6018150231520498,
        0,
        -0.6018150231520498,
        0,
        0.7986355100472917,
        0,
        0,
        1,
        0,
        0,
        114.436273090564,
        0,
        42.4163020298252,
        1
      ],
      "name": "IfcWallStandardCase",
      "children": [
        372,
        373,
        376,
        377,
        378,
        379,
        380,
        381,
        382
      ]
    },
    {
      "name": "Axis",
      "mesh": 64
    },
    {
      "name": "Body",
      "mesh": 65
    },
    {
      "name": "IfcMaterialLayer"
    },
    {
      "name": "IfcMaterialLayerSet",
      "children": [
        386
      ]
    },
    {
